1 4 0
2 4 1
3 4 1
4 4 0
5 4 0
6 4 1
7 4 1
8 4 1
9 4 1
10 4 1
11 4 1
12 4 1
13 4 1
14 4 1
15 4 1
16 4 1
17 4 0
18 4 1
19 4 1
20 4 1
21 4 0
22 4 1
23 4 1
24 4 1
25 4 1
26 3 1
27 3 1
28 3 1
29 3 1
30 3 1
31 3 1
32 3 1
33 3 1
34 3 1
35 3 1
36 3 1
37 3 1
38 3 1
39 3 1
40 3 1
41 3 1
42 3 1
43 3 1
44 3 1
45 3 1
46 3 1
47 3 1
48 3 1
49 3 1
50 3 1
51 2 1
52 2 1
53 2 1
54 2 1
55 2 1
56 2 1
57 2 1
58 2 1
59 2 1
60 2 1
61 2 1
62 2 1
63 2 1
64 2 1
65 2 1
66 2 0
67 2 1
68 2 1
69 2 1
70 2 1
71 2 1
72 2 1
73 2 1
74 2 1
75 2 1
